100
96646 44074
750 91098
93927 58223
67157 8394
76649 23681
3082 78878
34609 62329
61582 14856
18310 11442
1462 48676
96491 6457
54109 46590
60147 8893
57901 26959
55644 64464
48104 35524
24916 93352
45339 53017
1930 50811
579 14377
47283 37735
5418 58753
16401 55734
14425 93731
77098 95694
14123 30540
3959 27679
80652 17735
15458 95472
15456 83389
4107 38619
34960 34171
81647 47594
78290 47085
81735 88157
43960 78107
81475 29568
12388 18563
43606 11947
52980 82943
48521 81774
65640 64105
34535 70266
80995 15717
90800 26934
15485 84048
72013 79357
44668 7078
39525 4774
28614 3800
50672 8767
93283 69939
31699 94506
6623 25743
7300 42631
20190 39665
70486 88736
50052 81854
36126 85869
51504 70242
17469 58452
30178 81286
53435 49959
77333 54904
33376 13094
62451 92535
84234 6975
32529 171
67470 63829
75791 14828
21704 43278
73673 20712
82284 38121
87429 96003
53749 92107
42204 68528
84691 83877
9287 26032
41026 85783
27675 11374
37535 21389
71624 58751
5250 87744
44056 77689
16533 30792
7333 39500
42892 68280
47959 40052
47797 28127
36953 60050
20607 51887
92968 45742
66832 65985
80135 72556
66071 10372
36664 79407
6520 14002
90537 58802
98017 75359
99568 29862
